service_id,monday,tuesday,wednesday,thursday,friday,saturday,sunday,start_date,end_date,feed_days_count,service_days_count,each_day_count,dof,actual_dof,dof_group,regular_service,mf_label
aaCHW13-CW1207Wk-Weekday-12,1,1,1,1,1,0,0,20140811,20140829,202,15,0;3;3;3;3;3;0,12345,,,0.1,
aaCHW13-CW1207Wk-Weekday-12-0000100,0,0,0,0,1,0,0,20140811,20140829,202,3,0;0;0;0;0;3;0,5,,,0.1,
aaCHW13-CW1207Sa-Saturday-06,0,0,0,0,0,1,0,20140816,20140830,202,3,0;0;0;0;0;0;3,6,,,0.1,
aaCHW13-CW1207Wk-Sunday-11,0,0,0,0,0,0,1,20140817,20140901,202,4,3;1;0;0;0;0;0,0,,,0.1,
aaCHW14-CHW14-Weekday-09,1,1,1,1,1,0,0,20140902,20150402,202,124,0;23;25;26;25;25;0,12345,12345,1,0.9,MTWThF
aaCHW14-CHW14-Weekday-09-0000100,0,0,0,0,1,0,0,20140902,20150402,202,25,0;0;0;0;0;25;0,5,5,1,0.87,F
aaCHW14-CW1409Sa-Saturday-06,0,0,0,0,0,1,0,20140906,20150328,202,26,0;0;0;0;0;0;26,6,6,2,0.9,
aaCHW14-CW1409Su-Sunday-11,0,0,0,0,0,0,1,20140907,20150329,202,30,25;2;1;0;1;1;0,0,0,3,0.87,
abCX1407-CX1407-Weekday-03,1,1,1,1,1,0,0,20141204,20150102,393,19,0;4;4;4;3;4;0,12345,,,0.07,
abCX1407-CX1407-Saturday-02,0,0,0,0,0,1,0,20141206,20150103,393,5,0;0;0;0;0;0;5,6,,,0.09,
abCX1407-CX1407-Sunday-03,0,0,0,0,0,0,1,20141207,20150104,393,5,5;0;0;0;0;0;0,0,,,0.09,
abCX1501-CX1501-Weekday-08,1,1,1,1,1,0,0,20150105,20151231,393,250,0;47;52;50;52;49;0,12345,12345,1,0.93,MTWThF
abCX1501-CX1501-Saturday-04,0,0,0,0,0,1,0,20150110,20151219,393,50,0;0;0;0;0;0;50,6,6,2,0.89,
abCX1501-CX1407-Sunday-04,0,0,0,0,0,0,1,20150111,20151227,393,51,51;0;0;0;0;0;0,0,0,3,0.91,
acKA1409-KASEP14-Sunday-02,0,0,0,0,0,0,1,20140831,20150412,225,37,32;3;1;0;0;1;0,0,0,3,1.0,
acKA1409-KA1409-Weekday-07,1,1,1,1,1,0,0,20140902,20150410,225,152,0;29;31;32;30;30;0,12345,12345,1,1.0,MTWThF
acKA1409-KASEP14-Saturday-02,0,0,0,0,0,1,0,20140906,20150411,225,32,0;0;0;0;0;0;32,6,6,2,1.0,
adKL1409-KL1409WK-Weekday-18,1,1,1,1,1,0,0,20141216,20150424,131,89,0;17;19;19;17;17;0,12345,12345,1,1.02,MTWThF
adKL1409-KL1409WK-Weekday-18-0000100,0,0,0,0,1,0,0,20141216,20150424,131,17,0;0;0;0;0;17;0,5,5,1,0.91,F
adKL1409-KL1409SA-Saturday-06,0,0,0,0,0,1,0,20141220,20150425,131,20,0;0;0;0;0;1;19,6,6,2,1.02,
adKL1409-KL1409SU-Sunday-07,0,0,0,0,0,0,1,20141221,20150419,131,22,18;1;0;0;2;1;0,0,0,3,0.96,
aeNAN1409-1409-Sunday-02,0,0,0,0,0,0,1,20140831,20150621,301,50,43;5;1;0;0;1;0,0,0,3,1.0,
aeNAN1409-1409-Weekday-00,1,1,1,1,1,0,0,20140902,20150626,301,205,0;38;42;43;41;41;0,12345,12345,1,1.0,MTWThF
aeNAN1409-1409-Weekday-00-0100000,0,1,0,0,0,0,0,20140902,20150626,301,42,0;0;42;0;0;0;0,2,2,1,0.98,T
aeNAN1409-1409-Saturday-01,0,0,0,0,0,1,0,20140906,20150627,301,43,0;0;0;0;0;0;43,6,6,2,1.0,
afJAN 14-Jan 14-Weekday-01,1,1,1,1,1,0,0,20150205,20150424,81,44,0;8;9;9;10;8;0,12345,234,1,0.86,TWTh
afJAN 14-Jan 14-Weekday-01-0000100,0,0,0,0,1,0,0,20150205,20150424,81,8,0;0;0;0;0;8;0,5,,,0.69,
afJAN 14-Jan 14-Saturday-02,0,0,0,0,0,1,0,20150207,20150425,81,9,0;0;0;0;0;0;9,6,6,2,0.78,
afJAN 14-Jan 14-Sunday-03,0,0,0,0,0,0,1,20150208,20150426,81,9,9;0;0;0;0;0;0,0,0,3,0.78,
afPGFE15-FEB15-Weekday-13,1,1,1,1,1,0,0,20150213,20150213,81,1,0;0;0;0;0;1;0,12345,,,0.09,
afPGFE15-FEB15-Saturday-05,0,0,0,0,0,1,0,20150214,20150228,81,5,2;0;0;0;0;0;3,6,,,0.26,
afPGFE15-FEB15-Weekday-12,1,1,1,1,1,0,0,20150216,20150227,81,10,0;2;2;2;2;2;0,12345,,,0.17,
afPGFE15-FEB15-Sunday-04,0,0,0,0,0,0,1,20150301,20150301,81,1,1;0;0;0;0;0;0,0,,,0.09,
agSQU13-SQWKY13-Weekday-03,1,1,1,1,1,0,0,20150113,20151231,353,243,0;44;51;49;51;48;0,12345,12345,1,1.01,MTWThF
agSQU13-SQU13-Saturday-02,0,0,0,0,0,1,0,20150117,20151219,353,49,0;0;0;0;0;0;49,6,6,2,0.97,
agSQU13-SQU13-Sunday-03,0,0,0,0,0,0,1,20150118,20151227,353,61,50;6;0;2;0;2;1,0,0,3,0.99,
ah1501-WK1501-Weekday-03,1,1,1,1,1,0,0,20150105,20150402,91,63,0;12;13;13;13;12;0,12345,12345,1,1.0,MTWThF
ah1501-WK1501-Weekday-03-0010100,0,0,1,0,1,0,0,20150105,20150402,91,25,0;0;0;13;0;12;0,35,35,1,1.0,WF
ah1501-WK1501-Weekday-03-1101000,1,1,0,1,0,0,0,20150105,20150402,91,38,0;12;13;0;13;0;0,124,124,1,1.0,MTTh
ah1501-WK1501-Weekday-03-0000100,0,0,0,0,1,0,0,20150105,20150402,91,12,0;0;0;0;0;12;0,5,5,1,0.92,F
ah1501-WK1501-Weekday-03-1111000,1,1,1,1,0,0,0,20150105,20150402,91,51,0;12;13;13;13;0;0,1234,1234,1,1.0,MTWTh
ah1501-SATJAN15-Saturday-12,0,0,0,0,0,1,0,20150110,20150404,91,13,0;0;0;0;0;0;13,6,6,2,1.0,
ah1501-SUNJan15-Sunday-07,0,0,0,0,0,0,1,20150111,20150405,91,13,13;0;0;0;0;0;0,0,0,3,1.0,
ah1501-SATJAN15-Saturday-13,0,0,0,0,0,1,0,20150209,20150209,91,1,0;1;0;0;0;0;0,6,,,0.08,
ah1501-SUNJan15-Sunday-09,0,0,0,0,0,0,1,20150403,20150403,91,1,0;0;0;0;0;1;0,0,,,0.08,
aiWINT15-WINT15-7-days-25,1,1,1,1,1,1,1,20150118,20150405,79,74,12;8;11;11;11;10;11,0123456,0123456,123,1.06,MTWThF
aiWINT15-WINT15-7-days-25-0000111,0,0,0,0,1,1,1,20150118,20150405,79,33,12;0;0;0;0;10;11,056,056,123,1.06,F
aiWINT15-WINT15-7-days-29,1,1,1,1,1,1,1,20150119,20150406,79,5,0;4;0;0;0;1;0,0123456,,,0.35,
